-5.790626 -7.241094 0.000000
-6.254776 -1.275558 0.000000
-0.993438 -2.532270 0.000000
-0.993438 -2.532270 0.000000
-4.153625 -6.722294 0.000000
-5.790626 -7.241094 0.000000
-4.153625 -6.722294 0.000000
-0.993438 -2.532270 0.000000
-3.302353 -9.347109 0.000000
-3.302353 -9.347109 0.000000
-0.993438 -2.532270 0.000000
-1.364589 -7.325200 0.000000
-1.364589 -7.325200 0.000000
-0.993438 -2.532270 0.000000
1.934081 -4.122310 0.000000
1.934081 -4.122310 0.000000
-0.024271 -8.663794 0.000000
-1.364589 -7.325200 0.000000
-1.769169 4.712646 0.000000
-0.993438 -2.532270 0.000000
-6.254776 -1.275558 0.000000
-0.993438 -2.532270 0.000000
2.273239 4.520051 0.000000
1.934081 -4.122310 0.000000
-0.993438 -2.532270 0.000000
-1.769169 4.712646 0.000000
2.273239 4.520051 0.000000
-6.254776 -1.275558 0.000000
-3.769697 -2.616536 4.576363
-1.758514 5.524329 3.079553
-1.758514 5.524329 3.079553
-1.769169 4.712646 0.000000
-6.254776 -1.275558 0.000000
-5.790626 -7.241094 0.000000
-4.257954 -6.986352 2.950001
-3.769697 -2.616536 4.576363
-3.769697 -2.616536 4.576363
-6.254776 -1.275558 0.000000
-5.790626 -7.241094 0.000000
1.934081 -4.122310 0.000000
0.831775 -3.474779 4.781184
-1.314212 -7.228958 2.873343
-1.314212 -7.228958 2.873343
-0.024271 -8.663794 0.000000
1.934081 -4.122310 0.000000
2.273239 4.520051 0.000000
1.570475 5.440539 3.228200
0.831775 -3.474779 4.781184
0.831775 -3.474779 4.781184
1.934081 -4.122310 0.000000
2.273239 4.520051 0.000000
-1.769169 4.712646 0.000000
-1.758514 5.524329 3.079553
1.570475 5.440539 3.228200
1.570475 5.440539 3.228200
2.273239 4.520051 0.000000
-1.769169 4.712646 0.000000
-4.153625 -6.722294 0.000000
-4.257954 -6.986352 2.950001
-5.790626 -7.241094 0.000000
-3.302353 -9.347109 0.000000
-4.257954 -6.986352 2.950001
-4.153625 -6.722294 0.000000
-1.364589 -7.325200 0.000000
-1.314212 -7.228958 2.873343
-3.302353 -9.347109 0.000000
-0.024271 -8.663794 0.000000
-1.314212 -7.228958 2.873343
-1.364589 -7.325200 0.000000
-3.302353 -9.347109 0.000000
-1.314212 -7.228958 2.873343
-4.257954 -6.986352 2.950001
-3.769697 -2.616536 4.576363
-6.412371 -4.342336 10.204111
-6.023120 4.658159 12.948000
-6.023120 4.658159 12.948000
-1.758514 5.524329 3.079553
-3.769697 -2.616536 4.576363
-3.769697 -2.616536 4.576363
0.831775 -3.474779 4.781184
1.320382 -4.774175 8.133879
1.320382 -4.774175 8.133879
-6.412371 -4.342336 10.204111
-3.769697 -2.616536 4.576363
-6.412371 -4.342336 10.204111
-2.391009 -1.662069 14.524336
-1.897129 6.549222 17.152094
-1.897129 6.549222 17.152094
-6.023120 4.658159 12.948000
-6.412371 -4.342336 10.204111
-6.023120 4.658159 12.948000
-1.897129 6.549222 17.152094
1.557814 9.495334 7.603725
-6.023120 4.658159 12.948000
1.557814 9.495334 7.603725
1.570475 5.440539 3.228200
1.570475 5.440539 3.228200
-1.758514 5.524329 3.079553
-6.023120 4.658159 12.948000
-1.897129 6.549222 17.152094
1.482557 7.786833 25.836250
2.194641 11.026033 16.693737
2.194641 11.026033 16.693737
1.557814 9.495334 7.603725
-1.897129 6.549222 17.152094
1.482557 7.786833 25.836250
7.873002 6.951736 34.080639
7.873002 13.972816 12.966948
7.873002 13.972816 12.966948
2.194641 11.026033 16.693737
1.482557 7.786833 25.836250
1.320382 -4.774175 8.133879
-2.391009 -1.662069 14.524336
-6.412371 -4.342336 10.204111
3.910494 20.742781 4.581165
6.372510 22.566833 0.000000
5.896084 15.116988 0.000000
5.896084 15.116988 0.000000
2.662756 14.698232 6.173251
3.910494 20.742781 4.581165
6.372510 22.566833 0.000000
7.873002 22.513077 0.000000
7.873002 19.685806 0.000000
7.873002 19.685806 0.000000
5.896084 15.116988 0.000000
6.372510 22.566833 0.000000
7.873002 18.820263 7.955767
7.873002 22.922523 10.787062
4.465139 24.926895 8.974107
4.465139 24.926895 8.974107
3.910494 20.742781 4.581165
7.873002 18.820263 7.955767
4.465139 24.926895 8.974107
6.630917 28.311012 7.299567
6.372510 22.566833 0.000000
6.372510 22.566833 0.000000
3.910494 20.742781 4.581165
4.465139 24.926895 8.974107
6.630917 28.311012 7.299567
7.873002 28.469225 7.259664
7.873002 22.513077 0.000000
7.873002 22.513077 0.000000
6.372510 22.566833 0.000000
6.630917 28.311012 7.299567
4.465139 24.926895 8.974107
6.193507 27.894014 15.725528
6.417902 29.504757 15.892537
6.417902 29.504757 15.892537
6.630917 28.311012 7.299567
4.465139 24.926895 8.974107
6.417902 29.504757 15.892537
7.873002 29.700445 15.911893
7.873002 28.469225 7.259664
7.873002 28.469225 7.259664
6.630917 28.311012 7.299567
6.417902 29.504757 15.892537
2.662756 14.698232 6.173251
5.896084 15.116988 0.000000
5.363174 8.325669 0.000000
5.363174 8.325669 0.000000
1.557814 9.495334 7.603725
2.662756 14.698232 6.173251
1.482557 7.786833 25.836250
2.453493 5.859268 32.788464
7.873002 6.951736 34.080639
2.453493 5.859268 32.788464
0.118801 6.337599 40.733833
7.873002 7.952347 43.039680
7.873002 7.952347 43.039680
7.873002 6.951736 34.080639
2.453493 5.859268 32.788464
0.118801 6.337599 40.733833
0.948452 0.794735 48.697723
7.873002 0.906357 52.478249
7.873002 0.906357 52.478249
7.873002 7.952347 43.039680
0.118801 6.337599 40.733833
0.948452 0.794735 48.697723
1.119042 -5.903872 47.143196
7.873002 -9.797805 49.858494
7.873002 -9.797805 49.858494
7.873002 0.906357 52.478249
0.948452 0.794735 48.697723
3.654094 -6.770724 40.771660
3.459738 -7.039381 43.488636
2.205635 -5.694690 43.578945
2.205635 -5.694690 43.578945
2.531975 -6.413906 40.665070
3.654094 -6.770724 40.771660
3.911971 -13.808101 38.638115
3.023304 -13.832983 34.299271
7.873002 -15.077168 34.466270
7.873002 -15.077168 34.466270
7.873002 -14.813239 40.214401
3.911971 -13.808101 38.638115
3.023304 -13.832983 34.299271
7.873002 -12.824460 31.779249
7.873002 -15.077168 34.466270
7.873002 -12.824460 31.779249
3.023304 -13.832983 34.299271
5.547136 -6.409068 26.776699
5.547136 -6.409068 26.776699
7.873002 -7.485661 26.976889
7.873002 -12.824460 31.779249
5.896084 15.116988 0.000000
7.873002 19.685806 0.000000
7.873002 7.876338 0.000000
7.873002 7.876338 0.000000
5.363174 8.325669 0.000000
5.896084 15.116988 0.000000
1.482557 7.786833 25.836250
-4.956882 -1.234618 22.299387
-3.514199 -1.316468 27.041924
-3.514199 -1.316468 27.041924
2.453493 5.859268 32.788464
1.482557 7.786833 25.836250
-4.956882 -1.234618 22.299387
-0.309262 -7.538950 18.969856
2.007169 -8.854978 22.670153
2.007169 -8.854978 22.670153
-3.514199 -1.316468 27.041924
-4.956882 -1.234618 22.299387
-3.514199 -1.316468 27.041924
0.432784 -3.406286 26.983953
-0.194467 -0.397976 31.057734
-0.194467 -0.397976 31.057734
2.453493 5.859268 32.788464
-3.514199 -1.316468 27.041924
2.007169 -8.854978 22.670153
3.291585 -7.796353 23.236637
0.432784 -3.406286 26.983953
0.432784 -3.406286 26.983953
-3.514199 -1.316468 27.041924
2.007169 -8.854978 22.670153
1.320382 -4.774175 8.133879
2.124064 -7.781785 16.206112
-2.391009 -1.662069 14.524336
1.320382 -4.774175 8.133879
7.873002 -6.212437 6.685887
7.873002 -9.639979 16.528687
7.873002 -9.639979 16.528687
2.124064 -7.781785 16.206112
1.320382 -4.774175 8.133879
-4.956882 -1.234618 22.299387
-1.337520 -0.609836 17.497715
2.124064 -7.781785 16.206112
2.124064 -7.781785 16.206112
-0.309262 -7.538950 18.969856
-4.956882 -1.234618 22.299387
6.193507 27.894014 15.725528
5.319249 26.684917 18.283571
4.630967 29.718515 18.618240
4.630967 29.718515 18.618240
6.417902 29.504757 15.892537
6.193507 27.894014 15.725528
7.873002 26.436499 15.644815
7.873002 24.252836 18.714766
5.319249 26.684917 18.283571
5.319249 26.684917 18.283571
6.193507 27.894014 15.725528
7.873002 26.436499 15.644815
6.417902 29.504757 15.892537
4.630967 29.718515 18.618240
7.873002 32.209888 20.729053
7.873002 32.209888 20.729053
7.873002 29.700445 15.911893
6.417902 29.504757 15.892537
5.319249 26.684917 18.283571
6.210728 27.099844 25.212704
5.260059 29.698496 22.977745
5.260059 29.698496 22.977745
4.630967 29.718515 18.618240
5.319249 26.684917 18.283571
7.873002 24.252836 18.714766
6.210728 27.099844 25.212704
5.319249 26.684917 18.283571
5.260059 29.698496 22.977745
6.922637 30.219740 28.452972
7.873002 32.209888 20.729053
7.873002 32.209888 20.729053
4.630967 29.718515 18.618240
5.260059 29.698496 22.977745
2.857518 -9.385410 18.960285
4.139020 -10.123692 19.912495
3.935353 -9.992466 21.248772
-0.309262 -7.538950 18.969856
2.857518 -9.385410 18.960285
3.935353 -9.992466 21.248772
-0.309262 -7.538950 18.969856
3.935353 -9.992466 21.248772
2.007169 -8.854978 22.670153
4.783103 -8.689346 18.489517
6.230495 -9.190196 19.834232
4.139020 -10.123692 19.912495
4.139020 -10.123692 19.912495
2.857518 -9.385410 18.960285
4.783103 -8.689346 18.489517
3.935353 -9.992466 21.248772
6.485684 -9.345484 23.376835
2.007169 -8.854978 22.670153
3.935353 -9.992466 21.248772
4.139020 -10.123692 19.912495
6.230495 -9.190196 19.834232
6.230495 -9.190196 19.834232
4.985608 -8.806319 20.992105
3.935353 -9.992466 21.248772
1.482557 7.786833 25.836250
-1.337520 -0.609836 17.497715
-4.956882 -1.234618 22.299387
-1.897129 6.549222 17.152094
-2.391009 -1.662069 14.524336
-1.337520 -0.609836 17.497715
-1.337520 -0.609836 17.497715
1.482557 7.786833 25.836250
-1.897129 6.549222 17.152094
1.119042 -5.903872 47.143196
0.948452 0.794735 48.697723
-2.795484 1.728393 36.792828
-2.795484 1.728393 36.792828
-1.231555 -6.243324 39.503880
1.119042 -5.903872 47.143196
2.453493 5.859268 32.788464
-0.194467 -0.397976 31.057734
-2.795484 1.728393 36.792828
-2.795484 1.728393 36.792828
0.118801 6.337599 40.733833
2.453493 5.859268 32.788464
0.118801 6.337599 40.733833
-2.795484 1.728393 36.792828
0.948452 0.794735 48.697723
0.831775 -3.474779 4.781184
-3.769697 -2.616536 4.576363
-4.257954 -6.986352 2.950001
-4.257954 -6.986352 2.950001
-1.314212 -7.228958 2.873343
0.831775 -3.474779 4.781184
7.873002 7.876338 0.000000
7.873002 -1.127097 0.000000
3.164031 0.667946 0.000000
3.164031 0.667946 0.000000
5.363174 8.325669 0.000000
7.873002 7.876338 0.000000
5.363174 8.325669 0.000000
3.037519 5.567566 4.995410
1.557814 9.495334 7.603725
1.557814 9.495334 7.603725
3.037519 5.567566 4.995410
1.570475 5.440539 3.228200
-2.391009 -1.662069 14.524336
2.124064 -7.781785 16.206112
-1.337520 -0.609836 17.497715
5.260059 29.698496 22.977745
6.210728 27.099844 25.212704
6.922637 30.219740 28.452972
2.124064 -7.781785 16.206112
7.873002 -9.639979 16.528687
5.918286 -9.023536 16.651114
5.918286 -9.023536 16.651114
7.873002 -9.639979 16.528687
7.873002 -9.684958 18.488590
7.873002 -9.684958 18.488590
4.783103 -8.689346 18.489517
5.918286 -9.023536 16.651114
4.985608 -8.806319 20.992105
7.873002 -9.731002 20.991234
7.873002 -9.772490 23.477169
7.873002 -9.772490 23.477169
6.485684 -9.345484 23.376835
4.985608 -8.806319 20.992105
6.230495 -9.190196 19.834232
7.873002 -9.709703 19.833748
7.873002 -9.731002 20.991234
7.873002 -9.731002 20.991234
4.985608 -8.806319 20.992105
6.230495 -9.190196 19.834232
4.783103 -8.689346 18.489517
7.873002 -9.684958 18.488590
7.873002 -9.709703 19.833748
7.873002 -9.709703 19.833748
6.230495 -9.190196 19.834232
4.783103 -8.689346 18.489517
6.485684 -9.345484 23.376835
3.935353 -9.992466 21.248772
4.985608 -8.806319 20.992105
1.570475 5.440539 3.228200
3.037519 5.567566 4.995410
1.320382 -4.774175 8.133879
1.320382 -4.774175 8.133879
0.831775 -3.474779 4.781184
1.570475 5.440539 3.228200
5.363174 8.325669 0.000000
3.164031 0.667946 0.000000
1.320382 -4.774175 8.133879
1.320382 -4.774175 8.133879
3.037519 5.567566 4.995410
5.363174 8.325669 0.000000
1.320382 -4.774175 8.133879
3.164031 0.667946 0.000000
7.873002 -1.127097 0.000000
7.873002 -1.127097 0.000000
7.873002 -6.212437 6.685887
1.320382 -4.774175 8.133879
3.291585 -7.796353 23.236637
5.547136 -6.409068 26.776699
-0.194467 -0.397976 31.057734
-0.194467 -0.397976 31.057734
0.432784 -3.406286 26.983953
3.291585 -7.796353 23.236637
6.485684 -9.345484 23.376835
7.873002 -7.485661 26.976889
5.547136 -6.409068 26.776699
5.547136 -6.409068 26.776699
3.291585 -7.796353 23.236637
6.485684 -9.345484 23.376835
7.873002 -9.772490 23.477169
7.873002 -7.485661 26.976889
6.485684 -9.345484 23.376835
1.119042 -5.903872 47.143196
1.572217 -6.681053 45.219418
3.917256 -8.411799 44.813156
3.917256 -8.411799 44.813156
7.873002 -9.797805 49.858494
1.119042 -5.903872 47.143196
2.105929 -8.365338 40.248016
1.572217 -6.681053 45.219418
1.119042 -5.903872 47.143196
1.119042 -5.903872 47.143196
-1.231555 -6.243324 39.503880
2.105929 -8.365338 40.248016
3.917256 -8.411799 44.813156
3.951365 -9.535912 40.654476
7.873002 -12.030312 41.519314
7.873002 -12.030312 41.519314
7.873002 -9.797805 49.858494
3.917256 -8.411799 44.813156
-1.231555 -6.243324 39.503880
-2.795484 1.728393 36.792828
-2.126412 -5.878170 36.449814
3.911971 -13.808101 38.638115
-1.231555 -6.243324 39.503880
-2.126412 -5.878170 36.449814
-2.126412 -5.878170 36.449814
3.023304 -13.832983 34.299271
3.911971 -13.808101 38.638115
-0.194467 -0.397976 31.057734
-2.126412 -5.878170 36.449814
-2.795484 1.728393 36.792828
7.873002 -12.030312 41.519314
3.951365 -9.535912 40.654476
3.911971 -13.808101 38.638115
3.911971 -13.808101 38.638115
7.873002 -14.813239 40.214401
7.873002 -12.030312 41.519314
2.105929 -8.365338 40.248016
-1.231555 -6.243324 39.503880
3.911971 -13.808101 38.638115
3.911971 -13.808101 38.638115
3.951365 -9.535912 40.654476
2.105929 -8.365338 40.248016
1.572217 -6.681053 45.219418
2.205635 -5.694690 43.578945
3.459738 -7.039381 43.488636
3.459738 -7.039381 43.488636
3.917256 -8.411799 44.813156
1.572217 -6.681053 45.219418
3.917256 -8.411799 44.813156
3.459738 -7.039381 43.488636
3.654094 -6.770724 40.771660
3.654094 -6.770724 40.771660
3.951365 -9.535912 40.654476
3.917256 -8.411799 44.813156
3.951365 -9.535912 40.654476
3.654094 -6.770724 40.771660
2.531975 -6.413906 40.665070
2.531975 -6.413906 40.665070
2.105929 -8.365338 40.248016
3.951365 -9.535912 40.654476
2.105929 -8.365338 40.248016
2.531975 -6.413906 40.665070
2.205635 -5.694690 43.578945
2.205635 -5.694690 43.578945
1.572217 -6.681053 45.219418
2.105929 -8.365338 40.248016
-0.194467 -0.397976 31.057734
5.547136 -6.409068 26.776699
3.023304 -13.832983 34.299271
3.023304 -13.832983 34.299271
-2.126412 -5.878170 36.449814
-0.194467 -0.397976 31.057734
6.210728 27.099844 25.212704
7.873002 27.085829 25.220974
7.873002 30.219740 28.452972
7.873002 30.219740 28.452972
6.922637 30.219740 28.452972
6.210728 27.099844 25.212704
6.210728 27.099844 25.212704
7.873002 24.252836 18.714766
7.873002 27.085829 25.220974
6.922637 30.219740 28.452972
7.873002 30.219740 28.452972
7.873002 32.209888 20.729053
2.124064 -7.781785 16.206112
2.399024 -9.081004 17.338129
-0.309262 -7.538950 18.969856
2.124064 -7.781785 16.206112
5.918286 -9.023536 16.651114
2.399024 -9.081004 17.338129
5.918286 -9.023536 16.651114
4.783103 -8.689346 18.489517
2.857518 -9.385410 18.960285
2.857518 -9.385410 18.960285
-0.309262 -7.538950 18.969856
2.399024 -9.081004 17.338129
2.399024 -9.081004 17.338129
5.918286 -9.023536 16.651114
2.857518 -9.385410 18.960285
3.291585 -7.796353 23.236637
2.007169 -8.854978 22.670153
6.485684 -9.345484 23.376835
7.873002 26.436499 15.644815
6.193507 27.894014 15.725528
4.465139 24.926895 8.974107
4.465139 24.926895 8.974107
7.873002 22.922523 10.787062
7.873002 26.436499 15.644815
7.873002 13.972816 12.966948
1.557814 9.495334 7.603725
2.194641 11.026033 16.693737
2.662756 14.698232 6.173251
7.873002 13.972816 12.966948
3.910494 20.742781 4.581165
1.557814 9.495334 7.603725
7.873002 13.972816 12.966948
2.662756 14.698232 6.173251
3.910494 20.742781 4.581165
7.873002 13.972816 12.966948
7.873002 18.820263 7.955767
21.536629 -7.241094 0.000000
19.899628 -6.722294 0.000000
16.739441 -2.532270 0.000000
16.739441 -2.532270 0.000000
22.000778 -1.275558 0.000000
21.536629 -7.241094 0.000000
19.899628 -6.722294 0.000000
19.048357 -9.347109 0.000000
16.739441 -2.532270 0.000000
19.048357 -9.347109 0.000000
17.110592 -7.325200 0.000000
16.739441 -2.532270 0.000000
17.110592 -7.325200 0.000000
15.770273 -8.663794 0.000000
13.811922 -4.122310 0.000000
13.811922 -4.122310 0.000000
16.739441 -2.532270 0.000000
17.110592 -7.325200 0.000000
17.515173 4.712646 0.000000
22.000778 -1.275558 0.000000
16.739441 -2.532270 0.000000
16.739441 -2.532270 0.000000
13.811922 -4.122310 0.000000
13.472764 4.520051 0.000000
16.739441 -2.532270 0.000000
13.472764 4.520051 0.000000
17.515173 4.712646 0.000000
22.000778 -1.275558 0.000000
17.515173 4.712646 0.000000
17.504519 5.524329 3.079553
17.504519 5.524329 3.079553
19.515699 -2.616536 4.576363
22.000778 -1.275558 0.000000
21.536629 -7.241094 0.000000
22.000778 -1.275558 0.000000
19.515699 -2.616536 4.576363
19.515699 -2.616536 4.576363
20.003956 -6.986352 2.950001
21.536629 -7.241094 0.000000
13.811922 -4.122310 0.000000
15.770273 -8.663794 0.000000
17.060215 -7.228958 2.873343
17.060215 -7.228958 2.873343
14.914227 -3.474779 4.781184
13.811922 -4.122310 0.000000
13.472764 4.520051 0.000000
13.811922 -4.122310 0.000000
14.914227 -3.474779 4.781184
14.914227 -3.474779 4.781184
14.175529 5.440539 3.228200
13.472764 4.520051 0.000000
17.515173 4.712646 0.000000
13.472764 4.520051 0.000000
14.175529 5.440539 3.228200
14.175529 5.440539 3.228200
17.504519 5.524329 3.079553
17.515173 4.712646 0.000000
19.899628 -6.722294 0.000000
21.536629 -7.241094 0.000000
20.003956 -6.986352 2.950001
19.048357 -9.347109 0.000000
19.899628 -6.722294 0.000000
20.003956 -6.986352 2.950001
17.110592 -7.325200 0.000000
19.048357 -9.347109 0.000000
17.060215 -7.228958 2.873343
15.770273 -8.663794 0.000000
17.110592 -7.325200 0.000000
17.060215 -7.228958 2.873343
19.048357 -9.347109 0.000000
20.003956 -6.986352 2.950001
17.060215 -7.228958 2.873343
19.515699 -2.616536 4.576363
17.504519 5.524329 3.079553
21.769121 4.658158 12.948000
21.769121 4.658158 12.948000
22.158375 -4.342336 10.204111
19.515699 -2.616536 4.576363
19.515699 -2.616536 4.576363
22.158375 -4.342336 10.204111
14.425621 -4.774175 8.133879
14.425621 -4.774175 8.133879
14.914227 -3.474779 4.781184
19.515699 -2.616536 4.576363
22.158375 -4.342336 10.204111
21.769121 4.658158 12.948000
17.643133 6.549222 17.152094
17.643133 6.549222 17.152094
18.137012 -1.662069 14.524336
22.158375 -4.342336 10.204111
21.769121 4.658158 12.948000
14.188190 9.495334 7.603725
17.643133 6.549222 17.152094
21.769121 4.658158 12.948000
17.504519 5.524329 3.079553
14.175529 5.440539 3.228200
14.175529 5.440539 3.228200
14.188190 9.495334 7.603725
21.769121 4.658158 12.948000
17.643133 6.549222 17.152094
14.188190 9.495334 7.603725
13.551362 11.026033 16.693737
13.551362 11.026033 16.693737
14.263446 7.786833 25.836250
17.643133 6.549222 17.152094
14.263446 7.786833 25.836250
13.551362 11.026033 16.693737
7.873002 13.972816 12.966948
7.873002 13.972816 12.966948
7.873002 6.951736 34.080639
14.263446 7.786833 25.836250
14.425621 -4.774175 8.133879
22.158375 -4.342336 10.204111
18.137012 -1.662069 14.524336
11.835509 20.742781 4.581165
13.083248 14.698232 6.173251
9.849919 15.116988 0.000000
9.849919 15.116988 0.000000
9.373493 22.566833 0.000000
11.835509 20.742781 4.581165
9.373493 22.566833 0.000000
9.849919 15.116988 0.000000
7.873002 19.685806 0.000000
7.873002 19.685806 0.000000
7.873002 22.513077 0.000000
9.373493 22.566833 0.000000
7.873002 18.820263 7.955767
11.835509 20.742781 4.581165
11.280863 24.926895 8.974107
11.280863 24.926895 8.974107
7.873002 22.922523 10.787062
7.873002 18.820263 7.955767
11.280863 24.926895 8.974107
11.835509 20.742781 4.581165
9.373493 22.566833 0.000000
9.373493 22.566833 0.000000
9.115087 28.311012 7.299567
11.280863 24.926895 8.974107
9.115087 28.311012 7.299567
9.373493 22.566833 0.000000
7.873002 22.513077 0.000000
7.873002 22.513077 0.000000
7.873002 28.469225 7.259664
9.115087 28.311012 7.299567
11.280863 24.926895 8.974107
9.115087 28.311012 7.299567
9.328102 29.504757 15.892537
9.328102 29.504757 15.892537
9.552497 27.894014 15.725528
11.280863 24.926895 8.974107
9.328102 29.504757 15.892537
9.115087 28.311012 7.299567
7.873002 28.469225 7.259664
7.873002 28.469225 7.259664
7.873002 29.700445 15.911893
9.328102 29.504757 15.892537
13.083248 14.698232 6.173251
14.188190 9.495334 7.603725
10.382830 8.325670 0.000000
10.382830 8.325670 0.000000
9.849919 15.116988 0.000000
13.083248 14.698232 6.173251
14.263446 7.786833 25.836250
7.873002 6.951736 34.080639
13.292511 5.859268 32.788464
13.292511 5.859268 32.788464
7.873002 6.951736 34.080639
7.873002 7.952347 43.039680
7.873002 7.952347 43.039680
15.627201 6.337599 40.733833
13.292511 5.859268 32.788464
15.627201 6.337599 40.733833
7.873002 7.952347 43.039680
7.873002 0.906357 52.478249
7.873002 0.906357 52.478249
14.797552 0.794735 48.697723
15.627201 6.337599 40.733833
14.797552 0.794735 48.697723
7.873002 0.906357 52.478249
7.873002 -9.797805 49.858494
7.873002 -9.797805 49.858494
14.626961 -5.903872 47.143196
14.797552 0.794735 48.697723
12.091908 -6.770724 40.771660
13.214028 -6.413906 40.665070
13.540369 -5.694690 43.578945
13.540369 -5.694690 43.578945
12.286265 -7.039381 43.488636
12.091908 -6.770724 40.771660
11.834033 -13.808101 38.638115
7.873002 -14.813239 40.214401
7.873002 -15.077168 34.466270
7.873002 -15.077168 34.466270
12.722699 -13.832983 34.299271
11.834033 -13.808101 38.638115
12.722699 -13.832983 34.299271
7.873002 -15.077168 34.466270
7.873002 -12.824460 31.779249
7.873002 -12.824460 31.779249
7.873002 -7.485661 26.976889
10.198868 -6.409068 26.776699
10.198868 -6.409068 26.776699
12.722699 -13.832983 34.299271
7.873002 -12.824460 31.779249
9.849919 15.116988 0.000000
10.382830 8.325670 0.000000
7.873002 7.876338 0.000000
7.873002 7.876338 0.000000
7.873002 19.685806 0.000000
9.849919 15.116988 0.000000
14.263446 7.786833 25.836250
13.292511 5.859268 32.788464
19.260202 -1.316468 27.041924
19.260202 -1.316468 27.041924
20.702885 -1.234618 22.299387
14.263446 7.786833 25.836250
20.702885 -1.234618 22.299387
19.260202 -1.316468 27.041924
13.738835 -8.854978 22.670153
13.738835 -8.854978 22.670153
16.055265 -7.538950 18.969856
20.702885 -1.234618 22.299387
19.260202 -1.316468 27.041924
13.292511 5.859268 32.788464
15.940472 -0.397976 31.057734
15.940472 -0.397976 31.057734
15.313219 -3.406286 26.983953
19.260202 -1.316468 27.041924
13.738835 -8.854978 22.670153
19.260202 -1.316468 27.041924
15.313219 -3.406286 26.983953
15.313219 -3.406286 26.983953
12.454417 -7.796353 23.236637
13.738835 -8.854978 22.670153
14.425621 -4.774175 8.133879
18.137012 -1.662069 14.524336
13.621940 -7.781785 16.206112
14.425621 -4.774175 8.133879
13.621940 -7.781785 16.206112
7.873002 -9.639979 16.528687
7.873002 -9.639979 16.528687
7.873002 -6.212437 6.685887
14.425621 -4.774175 8.133879
20.702885 -1.234618 22.299387
16.055265 -7.538950 18.969856
13.621940 -7.781785 16.206112
13.621940 -7.781785 16.206112
17.083525 -0.609836 17.497715
20.702885 -1.234618 22.299387
9.552497 27.894014 15.725528
9.328102 29.504757 15.892537
11.115037 29.718515 18.618240
11.115037 29.718515 18.618240
10.426754 26.684917 18.283571
9.552497 27.894014 15.725528
7.873002 26.436499 15.644815
9.552497 27.894014 15.725528
10.426754 26.684917 18.283571
10.426754 26.684917 18.283571
7.873002 24.252836 18.714766
7.873002 26.436499 15.644815
9.328102 29.504757 15.892537
7.873002 29.700445 15.911893
7.873002 32.209888 20.729053
7.873002 32.209888 20.729053
11.115037 29.718515 18.618240
9.328102 29.504757 15.892537
10.426754 26.684917 18.283571
11.115037 29.718515 18.618240
10.485945 29.698496 22.977745
10.485945 29.698496 22.977745
9.535275 27.099844 25.212704
10.426754 26.684917 18.283571
7.873002 24.252836 18.714766
10.426754 26.684917 18.283571
9.535275 27.099844 25.212704
10.485945 29.698496 22.977745
11.115037 29.718515 18.618240
7.873002 32.209888 20.729053
7.873002 32.209888 20.729053
8.823366 30.219740 28.452972
10.485945 29.698496 22.977745
16.055265 -7.538950 18.969856
13.738835 -8.854978 22.670153
11.810650 -9.992466 21.248772
11.810650 -9.992466 21.248772
11.606983 -10.123692 19.912495
12.888485 -9.385410 18.960285
16.055265 -7.538950 18.969856
11.810650 -9.992466 21.248772
12.888485 -9.385410 18.960285
10.962899 -8.689346 18.489517
12.888485 -9.385410 18.960285
11.606983 -10.123692 19.912495
11.606983 -10.123692 19.912495
9.515508 -9.190196 19.834232
10.962899 -8.689346 18.489517
11.810650 -9.992466 21.248772
13.738835 -8.854978 22.670153
9.260319 -9.345484 23.376835
11.810650 -9.992466 21.248772
10.760395 -8.806319 20.992105
9.515508 -9.190196 19.834232
9.515508 -9.190196 19.834232
11.606983 -10.123692 19.912495
11.810650 -9.992466 21.248772
14.263446 7.786833 25.836250
20.702885 -1.234618 22.299387
17.083525 -0.609836 17.497715
17.643133 6.549222 17.152094
14.263446 7.786833 25.836250
17.083525 -0.609836 17.497715
17.083525 -0.609836 17.497715
18.137012 -1.662069 14.524336
17.643133 6.549222 17.152094
14.626961 -5.903872 47.143196
16.977558 -6.243324 39.503880
18.541487 1.728393 36.792828
18.541487 1.728393 36.792828
14.797552 0.794735 48.697723
14.626961 -5.903872 47.143196
13.292511 5.859268 32.788464
15.627201 6.337599 40.733833
18.541487 1.728393 36.792828
18.541487 1.728393 36.792828
15.940472 -0.397976 31.057734
13.292511 5.859268 32.788464
15.627201 6.337599 40.733833
14.797552 0.794735 48.697723
18.541487 1.728393 36.792828
14.914227 -3.474779 4.781184
17.060215 -7.228958 2.873343
20.003956 -6.986352 2.950001
20.003956 -6.986352 2.950001
19.515699 -2.616536 4.576363
14.914227 -3.474779 4.781184
7.873002 7.876338 0.000000
10.382830 8.325670 0.000000
12.581973 0.667946 0.000000
12.581973 0.667946 0.000000
7.873002 -1.127097 0.000000
7.873002 7.876338 0.000000
10.382830 8.325670 0.000000
14.188190 9.495334 7.603725
12.708484 5.567566 4.995410
14.188190 9.495334 7.603725
14.175529 5.440539 3.228200
12.708484 5.567566 4.995410
18.137012 -1.662069 14.524336
17.083525 -0.609836 17.497715
13.621940 -7.781785 16.206112
10.485945 29.698496 22.977745
8.823366 30.219740 28.452972
9.535275 27.099844 25.212704
13.621940 -7.781785 16.206112
9.827717 -9.023536 16.651114
7.873002 -9.639979 16.528687
9.827717 -9.023536 16.651114
10.962899 -8.689346 18.489517
7.873002 -9.684958 18.488590
7.873002 -9.684958 18.488590
7.873002 -9.639979 16.528687
9.827717 -9.023536 16.651114
10.760395 -8.806319 20.992105
9.260319 -9.345484 23.376835
7.873002 -9.772490 23.477169
7.873002 -9.772490 23.477169
7.873002 -9.731002 20.991234
10.760395 -8.806319 20.992105
9.515508 -9.190196 19.834232
10.760395 -8.806319 20.992105
7.873002 -9.731002 20.991234
7.873002 -9.731002 20.991234
7.873002 -9.709703 19.833748
9.515508 -9.190196 19.834232
10.962899 -8.689346 18.489517
9.515508 -9.190196 19.834232
7.873002 -9.709703 19.833748
7.873002 -9.709703 19.833748
7.873002 -9.684958 18.488590
10.962899 -8.689346 18.489517
9.260319 -9.345484 23.376835
10.760395 -8.806319 20.992105
11.810650 -9.992466 21.248772
14.175529 5.440539 3.228200
14.914227 -3.474779 4.781184
14.425621 -4.774175 8.133879
14.425621 -4.774175 8.133879
12.708484 5.567566 4.995410
14.175529 5.440539 3.228200
10.382830 8.325670 0.000000
12.708484 5.567566 4.995410
14.425621 -4.774175 8.133879
14.425621 -4.774175 8.133879
12.581973 0.667946 0.000000
10.382830 8.325670 0.000000
14.425621 -4.774175 8.133879
7.873002 -6.212437 6.685887
7.873002 -1.127097 0.000000
7.873002 -1.127097 0.000000
12.581973 0.667946 0.000000
14.425621 -4.774175 8.133879
12.454417 -7.796353 23.236637
15.313219 -3.406286 26.983953
15.940472 -0.397976 31.057734
15.940472 -0.397976 31.057734
10.198868 -6.409068 26.776699
12.454417 -7.796353 23.236637
9.260319 -9.345484 23.376835
12.454417 -7.796353 23.236637
10.198868 -6.409068 26.776699
10.198868 -6.409068 26.776699
7.873002 -7.485661 26.976889
9.260319 -9.345484 23.376835
7.873002 -9.772490 23.477169
9.260319 -9.345484 23.376835
7.873002 -7.485661 26.976889
14.626961 -5.903872 47.143196
7.873002 -9.797805 49.858494
11.828747 -8.411799 44.813156
11.828747 -8.411799 44.813156
14.173786 -6.681053 45.219418
14.626961 -5.903872 47.143196
13.640074 -8.365338 40.248016
16.977558 -6.243324 39.503880
14.626961 -5.903872 47.143196
14.626961 -5.903872 47.143196
14.173786 -6.681053 45.219418
13.640074 -8.365338 40.248016
11.828747 -8.411799 44.813156
7.873002 -9.797805 49.858494
7.873002 -12.030312 41.519314
7.873002 -12.030312 41.519314
11.794638 -9.535912 40.654476
11.828747 -8.411799 44.813156
16.977558 -6.243324 39.503880
17.872414 -5.878170 36.449814
18.541487 1.728393 36.792828
11.834033 -13.808101 38.638115
12.722699 -13.832983 34.299271
17.872414 -5.878170 36.449814
17.872414 -5.878170 36.449814
16.977558 -6.243324 39.503880
11.834033 -13.808101 38.638115
15.940472 -0.397976 31.057734
18.541487 1.728393 36.792828
17.872414 -5.878170 36.449814
7.873002 -12.030312 41.519314
7.873002 -14.813239 40.214401
11.834033 -13.808101 38.638115
11.834033 -13.808101 38.638115
11.794638 -9.535912 40.654476
7.873002 -12.030312 41.519314
13.640074 -8.365338 40.248016
11.794638 -9.535912 40.654476
11.834033 -13.808101 38.638115
11.834033 -13.808101 38.638115
16.977558 -6.243324 39.503880
13.640074 -8.365338 40.248016
14.173786 -6.681053 45.219418
11.828747 -8.411799 44.813156
12.286265 -7.039381 43.488636
12.286265 -7.039381 43.488636
13.540369 -5.694690 43.578945
14.173786 -6.681053 45.219418
11.828747 -8.411799 44.813156
11.794638 -9.535912 40.654476
12.091908 -6.770724 40.771660
12.091908 -6.770724 40.771660
12.286265 -7.039381 43.488636
11.828747 -8.411799 44.813156
11.794638 -9.535912 40.654476
13.640074 -8.365338 40.248016
13.214028 -6.413906 40.665070
13.214028 -6.413906 40.665070
12.091908 -6.770724 40.771660
11.794638 -9.535912 40.654476
13.640074 -8.365338 40.248016
14.173786 -6.681053 45.219418
13.540369 -5.694690 43.578945
13.540369 -5.694690 43.578945
13.214028 -6.413906 40.665070
13.640074 -8.365338 40.248016
15.940472 -0.397976 31.057734
17.872414 -5.878170 36.449814
12.722699 -13.832983 34.299271
12.722699 -13.832983 34.299271
10.198868 -6.409068 26.776699
15.940472 -0.397976 31.057734
9.535275 27.099844 25.212704
8.823366 30.219740 28.452972
7.873002 30.219740 28.452972
7.873002 30.219740 28.452972
7.873002 27.085829 25.220974
9.535275 27.099844 25.212704
9.535275 27.099844 25.212704
7.873002 27.085829 25.220974
7.873002 24.252836 18.714766
8.823366 30.219740 28.452972
7.873002 32.209888 20.729053
7.873002 30.219740 28.452972
13.621940 -7.781785 16.206112
16.055265 -7.538950 18.969856
13.346980 -9.081004 17.338129
13.621940 -7.781785 16.206112
13.346980 -9.081004 17.338129
9.827717 -9.023536 16.651114
9.827717 -9.023536 16.651114
12.888485 -9.385410 18.960285
10.962899 -8.689346 18.489517
12.888485 -9.385410 18.960285
9.827717 -9.023536 16.651114
13.346980 -9.081004 17.338129
13.346980 -9.081004 17.338129
16.055265 -7.538950 18.969856
12.888485 -9.385410 18.960285
12.454417 -7.796353 23.236637
9.260319 -9.345484 23.376835
13.738835 -8.854978 22.670153
7.873002 26.436499 15.644815
7.873002 22.922523 10.787062
11.280863 24.926895 8.974107
11.280863 24.926895 8.974107
9.552497 27.894014 15.725528
7.873002 26.436499 15.644815
7.873002 13.972816 12.966948
13.551362 11.026033 16.693737
14.188190 9.495334 7.603725
13.083248 14.698232 6.173251
11.835509 20.742781 4.581165
7.873002 13.972816 12.966948
14.188190 9.495334 7.603725
13.083248 14.698232 6.173251
7.873002 13.972816 12.966948
11.835509 20.742781 4.581165
7.873002 18.820263 7.955767
7.873002 13.972816 12.966948
